runtime = [1544.20, 862.85, 868.69, 865.88, 873.37, 883.01]

hit_count = [2081, 2096, 2095, 2080, 2077]
miss_count = [823, 808, 809, 824, 827]
swap_count = [524, 544, 519, 523, 563]
time_save_count = [89535.32836952274, 89341.24043373173, 89534.88597580022, 88760.36872642582, 85659.86234932007]
full_download_time_count = [108091.87642112815, 108091.87642112815, 108091.87642112815, 108091.87642112815, 108091.87642112815]